6346087049  1
3226834783  78
1876615495  74
3561499844  58
5625268164  9
6346087103  0
2703755923  100
5977640640  36
5960833030  37
5985216999  100
1866739325  27
5683373628  100
5288553158  13
5978002675  42
6524154676  12
6177738244  68
5827775569  98
6553486230  13
6434721530  87
3204306565  10
3158200872  88
6391198278  93
1974926457  94
6965928563  87
2506677964  6
6330467457  12
5934595378  76
5605671074  10
5982933237  85
1266309680  73
3271535285  74
2507050122  85
2954264120  0
5193950027  5
5602147000  100
6510871675  92
3876978089  100
6433409324  0
3779932387  22
1964522551  42
5803345411  97
5979009303  38
6068684120  44
1780192590  88
6468307417  92
6305884050  9
2235262161  89
5800031890  84
5643503719  22
6254841589  100
2106294700  92
3592405683  99
1657156945  45
5606628512  13
3779911870  89
3922420097  41
5527586204  86
6535184379  45
6328777016  0
3252341370  52
2727980687  99
6939083414  91
2703141045  65
6512856454  1
3127446785  84
6126596662  69
6442198351  90
6561887514  85
2160189140  5
2930162624  63
2930685285  27
2503130221  20
3262294397  79
3214114782  25
5510773324  27
6939715759  98
5824338959  92
5902310309  13
6460747463  13
3136230403  48
3514831115  100
3286831881  100
5839209473  78
5653804250  38
6341720811  37
1651536552  63
1884944447  29
5942200441  1
5528324631  27
6498402983  48
5746672367  15
6314270494  86
2981457260  35
5873318288  100
6004867510  38
6489124623  1
5366661625  65
6508336644  14
5978691472  67
5671832194  100
6392924494  100
3886141882  100
1646539490  35
2857704460  21
5327492990  15
5977386715  38
6074789379  0
5883009350  100
6317969670  92
6367921656  83
6843421154  99
1801347345  100
1841150237  41
5996101166  100
6966719125  86
6329608867  42
2648631657  78
3265662214  100
6177586703  100
6362377842  87
5963980101  69
5953177585  91
2448465132  100
5716529303  8
3217638175  59
6245630847  97
3134868175  42
3910849807  100
2505422190  94
5505909440  77
5853762369  94
2993245933  16
1949734840  29
3929208879  26
6178397094  0
6369501410  99
2319225530  14
2365124605  100
5728120770  57
1747414861  93
5195578011  49
6067702347  18
2596417332  4
5666811389  5
1704277237  66
6455868803  2
6364085898  55
1762972937  30
6468307556  85
5677169743  92
5362109432  89
5672649557  85
6154064941  49
6061106219  99
6062678123  64
6499725259  57
6343074830  100
5960742242  86
3215437823  2
6275981928  100
5957836097  65
3060192691  0
6468307079  95
3969039791  100
6533463690  58
5646464121  20
6939686701  90
1803782337  86
2640761661  100
6101726345  63
5977780202  30
6468307852  34
6172937469  49
2930899023  51
5217284498  34
6468004804  7
6405682559  89
5857955513  100
6394742569  36
5896287972  100
6468005476  38
1847116872  5
6492323096  40
5963463736  22
1594296825  6
5293335778  11
5803214603  100
6433721592  100
5871628343  48
6346064742  100
6438015293  100
5803256811  34
6307769884  87
5719855558  100
5600617958  50
5601676899  9
5817497798  10
5953400513  34
2609241732  92
5803113899  44
5834436795  98
6338512253  86
6468004933  62
3192850034  55
5873318771  100
2305197177  43
5041622249  81
2120868044  81
6511454974  63
6348159509  52
6939715513  98
5315625446  100
6474497843  85
6428935856  86
2507836162  42
5203016863  100
5502161828  41
3860382736  100
6484737651  89
3519004964  87
5867535999  90
6487194794  7
6556260759  78
6587388060  78
3840777072  100
3383588712  7
5847319744  64
5855701839  66
1954214213  22
2966144182  24
3756367751  22
5597017588  100
6346963913  11
6468307441  80
6470800240  11
6939713252  90
6574919524  17
5074047706  100
6253577639  85
1322936357  30
6587398724  94
5862272843  100
5687656178  100
2887540757  91
3249348160  100
1790942835  77
6345465312  73
1703728842  100
3089234355  97
5670726922  39
2981351954  100
2258451073  13
6015699548  100
6435142792  20
6587783252  78
2215736194  13
1599085400  93
3193850574  20
5328485960  90
1627909750  39
3407499084  99
5079906960  76
6136852556  58
1406229470  45
6183307646  97
6398854060  100
6468005436  89
1932677711  18
6375573998  100
3916851644  82
3092528093  78
2932211491  96
6523330729  99
5128196793  7
5773962080  100
3815125953  25
3707648043  100
3410635340  66
3224122463  83
5294465918  22
5388250485  90
5887210456  31
5976931844  39
5998053473  83
6229880302  100
5340201584  73
5803329268  46
1405470324  70
5888648358  11
5397083881  15
2349475100  99
6320566008  1
2291147731  1
2380382601  70
5984849858  100
6455868586  11
3805492131  84
7038187433  47
6413949454  100
1882101504  57
5181419407  50
1966145947  39
5178490530  51
6068650373  100
6468005177  9
6555784659  85
3800720630  19
6025647937  100
6520063131  4
5774370012  100
2560577382  30
6939109402  92
1940062283  30
6402729164  32
6273250813  100
3184740134  28
1441037781  0
1681993644  75
3916072681  19
6514393320  86
3514882951  100
6434721591  46
6413490881  86
6493575525  65
5043650175  46
6613775999  2
3172348177  78
6556301726  92
2785826982  11
6489141048  3
2660479511  47
2941477653  68
3772561063  89
6292653537  60
6363289638  100
5212433630  35
5978960524  56
6073621807  36
5773946620  100
6434748124  94
5681645888  100
6456165550  67
5592149107  20
6366932113  70
6434744547  65
3964197194  24
3771156854  25
5942958623  77
2200904975  69
6051636857  76
2505762301  56
1567363557  94
6703294883  90
3031304334  78
6351635961  74
5966872310  42
6420125681  99
1002636584  88
5180040450  22
5138607757  93
6661308091  100
3713325983  25
3287981324  12
2882080613  51
5608447058  100
6429205484  4
1276385411  30
2270460387  59
6434721635  63
6463541005  24
6280900485  97
6417335771  16
3129963717  98
6436331596  91
6395311966  7
5983040381  30
5985655156  68
5706831962  34
1502169164  30
5835582896  63
5979763038  82
6415191111  100
1677389782  22
2034447501  0
5999776628  41
2702010790  10
5977080010  44
6434721455  53
5729680975  100
5774406226  96
6499734032  22
6241941032  100
6242911632  99
6939715175  79
3266963205  31
5750027445  32
3191448271  24
3771247300  88
5470635636  100
2371310140  92
6522489649  89
3769142291  89
5025812130  100
1111681197  36
6485446059  45
6519577666  77
5437010402  100
5546790300  91
5669426441  100
5607464868  0
5833481061  4
6468005627  89
6935485917  26
2505931200  27
2501678025  3
2507072003  3
5083584525  80
5223309630  41
5902692246  44
5980241720  22
6405436668  16
1444446231  92
6413948707  100
6142574076  100
1481324167  87
5718103100  68
6101000139  83
6157083957  24
3863930063  100
1977615844  52
6373973518  100
3802321287  26
2380163757  10
5189652182  75
5977708011  37
6468005485  99
6362635330  20
3259073105  3
6876771314  41
6587787370  85
2694623111  0
5979425987  39
2009574761  100
5866187416  75
5100463603  43
1030072173  13
6077687488  68
6415189153  100
6434721501  80
1758621625  30
2157730525  67
6414356638  23
2963106033  43
6966758624  82
6399018349  100
5960813492  38
2759766981  68
6098189255  86
6621139671  100
1769066261  77
2253281094  37
6168445264  100
6433266861  34
5866609407  87
6544338081  99
6434721650  72
2506067707  91
2202418750  61
5781008098  13
5185236851  32
6146633371  29
5803143984  87
2061555163  89
3237252475  41
1813410261  98
6408575637  19
6939714341  90
3836807428  97
1978672883  90
1765159321  14
3139628010  100
3994142429  2
5871867107  31
5780768976  42
1132924430  6
2978846932  37
5777024987  100
6404714244  91
6098863748  19
3241135562  100
1635806445  19
6159500474  18
3812695287  89
6415190261  100
6464612285  53
1655544941  89
6429470429  41
6486930715  9
1072411072  83
6455868581  97
6468307123  94
6522115298  19
1808334280  23
1884723931  79
6455868704  91
5843774386  12
6555430305  88
2155969780  56
1157254704  83
2500984840  96
6519294368  90
5485721997  18
6254484484  100
3275077255  100
7125868402  67
3280209781  32
6222364110  100
5436939754  100
3249679892  100
3773882380  79
5654213753  56
5858485404  100
6154905947  98
5960424314  70
5884377818  100
6514012494  0
6614581487  7
6541684155  37
6414819510  36
2002049495  100
3092013735  95
1230409035  12
6499730015  4
6822452783  83
2219251027  60
6434721430  62
6432195234  100
5090939490  99
6201168591  100
6404781283  100
5847982224  88
6587769031  87
6178920618  39
5818619244  56
6004866338  37
1834353410  53
6429205509  93
1774093033  28
6320566003  1
2571350940  97
5679392308  100
5607096646  100
6094664794  41
6436639518  100
6468307828  86
5593775003  29
5152790912  100
2879511710  8
5524207401  100
7029419950  99
6072117101  100
6460395053  19
6468005451  71
1034298154  82
2825681885  100
5063590623  100
5967410367  17
6601417323  27
5546448359  90
1857319220  17
2046282503  18
5977599949  29
6573420042  23
6434744361  96
5993148084  75
5107015507  22
6935366625  67
1747222943  18
2596098175  18
5936027063  99
5718533799  76
6192247898  11
6352831358  100
6360638840  73
2501608384  100
6015647822  27
3976513649  100
6069085280  47
5655060666  69
3608680042  55
3464570914  85
6468307517  89
2011950595  50
6428937429  88
6251131455  100
6377140843  29
1598241507  18
1296171982  63
5794301227  82
5013980821  91
5292737848  100
6499127633  100
6520442919  23
1215468900  8
6119144976  58
1653583301  27
5803730827  21
6487177310  35
6168218029  87
6213448109  76
6415083065  34
2695476484  40
5977596302  42
5857228326  100
5058134182  100
5535672308  100
6351117422  100
5225044324  62
5871453765  83
5067579155  90
6468307824  78
5134531796  72
6966737110  86
6342994984  88
6468307247  92
2057365522  79
2203230022  20
6556220409  95
6587391456  7
6587784985  91
2638783062  96
6364097940  12
5704054949  2
6518764863  98
6065544496  91
6313664075  10
6144558152  37
6468004985  93
5251742949  83
5827612102  26
2612105893  70
3193403770  10
6260389617  16
5648809025  27
1948558757  27
2291429207  28
6059439979  99
5977077996  100
6001218781  100
6221673455  19
5669989472  100
6039346337  7
5854126112  97
6073103345  2
6871644260  100
3280799842  56
5798448091  15
6016254658  86
2785347507  12
5390035939  21
1807371273  51
3358161454  27
1915572794  75
2859035773  8
5872956677  100
6434721578  83
2269443552  25
6028441028  81
6966717962  85
6177035583  31
3768246601  38
6965899336  86
6172107332  3
1055082301  86
6346087083  0
5331477129  64
1243708472  87
1649126005  52
6314120663  28
6147658297  90
5417536985  67
6042367089  100
6039748748  23
1926533267  100
3812731057  15
6530216976  100
2867964637  69
5185886809  84
1959967473  24
5617251118  65
1246378884  32
6323751949  88
5908386558  12
6404569086  100
3167815530  11
6017990090  14
5983458689  100
2988124120  98
5833359023  43
5979029602  59
5960629589  40
2418071595  72
5980155623  63
5960626135  70
6451572457  10
5186496508  11
6520064679  23
6965926993  82
2580871647  95
5803464557  20
2622681233  20
2889027247  41
6434721475  57
6523950434  16
6537140514  100
6068993314  40
5774346285  100
5705725082  100
6519504526  96
6156913979  97
5456323825  98
3682583007  64
5247804515  62
5144738210  63
5903981839  0
6429368508  100
6195366953  40
5912390265  57
6434744409  77
5774175121  100
1769869792  33
2973190614  59
3873892125  100
6468004818  88
5991233470  80
6468307150  78
6567542244  19
5660364135  31
5953400490  33
6834259721  57
3948214698  28
6269883035  0
6435516640  100
6960263326  85
1085304765  42
2116104810  0
6440155771  74
6593893685  20
5531814941  91
2987585965  13
5841992146  6
2515852390  41
5856571196  100
6315712643  100
6345326216  0
6318377216  100
5829840601  56
5654570786  12
5337203500  100
3754239800  48
6242910573  100
6489735271  22
6364085654  57
6939756736  91
6556259200  85
6355742916  67
1569588525  81
6453868033  1
5853507403  32
2669545882  8
6430893085  12
1983026375  15
5946076244  100
3865306107  100
5882327892  53
6228188982  100
2528716043  81
5949137885  42
5714395906  67
5977684451  47
2954091475  32
3168946362  3
2011034680  93
2872894822  73
5761190132  7
2169306777  1
2578864843  82
2929036870  45
5935386692  7
5827925933  13
6073639111  45
6234133166  100
6455868802  94
6966715089  86
1867021795  58
2599735413  33
3769868180  84
5266829374  16
5468682451  17
5526281336  100
6442413654  55
6523902574  4
5856888059  100
5997612759  96
6440636477  27
6144634459  49
1680988900  16
2003367193  37
3771626307  13
3838190335  10
3874268626  11
3099518245  17
5894633208  98
3094723073  2
6434721458  3
2466870784  51
6587780925  82
6588255076  85
2874750642  84
6577809046  37
5857930386  100
6499640522  52
6500007110  58
6062946608  2
1253846303  1
5605666161  95
1939073085  24
6046739672  39
5299161063  100
5885929251  53
5742577881  87
6073640172  35
6428935727  83
6030123182  42
3846496562  49
2095252841  69
3228717734  60
1743779731  24
5803731237  25
5052291195  100
5075120300  92
2610772231  88
6406700561  100
5263283075  91
1765978132  100
6159545348  100
6314721826  58
1405008385  37
6155045613  46
2018146504  98
3080808600  89
6965911738  81
3529173515  18
5528294704  77
6939715132  98
6966738490  82
6082359588  5
6113001292  75
3783180417  41
3489492043  28
5976208859  38
6413936798  88
2821308930  6
3220106285  70
2843389745  94
5849256119  100
3136788221  99
5123143393  38
1668684331  63
3866360819  2
6159536956  16
5882422621  100
1810956565  23
5029082075  52
6588269682  93
6939713647  95
5977129585  38
6523513976  52
6346624276  0
3205738577  41
6272633685  27
2521369374  81
5188687392  16
2507607263  11
5871866948  37
2501961774  30
3320155155  14
2816283061  53
3135595091  8
5545915441  94
5596202831  100
6939083382  90
2589620560  100
3815456758  37
5976575130  52
3554657413  82
2789942695  11
5580156613  18
2660016240  5
2946882373  31
6939687189  91
6475898387  77
1494866885  54
5597568496  45
1895420333  43
5976764495  42
6069382606  42
6087702073  85
6159179531  100
6465121080  3
5044446566  84
2627233803  27
5508804053  62
5043484251  24
6489124533  1
5964020285  37
6939082905  91
3286906495  100
3206054984  9
5544737991  83
6468005040  75
3741450245  49
3771764402  19
5977855864  38
3292073940  71
6587857900  83
5693809147  72
6434748110  88
1641987045  90
5879395464  37
6370292972  37
6529341189  100
2763577040  40
6523246632  5
6315888934  100
2935568055  60
6073289930  100
5953400567  28
2812969717  98
5635750465  59
6966735472  84
6165074865  77
6251880219  99
6435105469  100
6312133204  100
5460777310  98
6587388641  87
6351127850  59
2891569610  0
6433743614  100
3164094782  82
3554826053  76
5422218950  13
3331305424  34
5098003770  100
5832754607  84
5977133449  35
1686340315  50
6468307397  70
6681299121  24
6453956734  1
1739695260  18
2257225341  47
1799488032  98
1685651423  99
6468307067  21
2277338234  12
5711710471  60
1774973463  75
6019257476  100
6346441558  99
6468307340  72
5874780841  40
6434721605  65
5976879387  43
2187442867  97
6468307739  87
6202161538  20
5890679144  82
1779990993  4
2011030360  77
1363172732  52
5315570421  98
5667374210  52
1826843991  3
5938514962  39
6939129405  83
6251461060  100
6290326060  10
6139274861  63
6477907979  95
2812319402  25
5935234503  53
5803294736  89
3828406084  35
5695618595  4
6939110379  98
2432441407  12
3753141980  81
5124618073  52
3219796072  42
2792761092  88
5790899566  48
6225990601  79
6455868502  97
6112861672  63
6939158055  88
6107548526  93
6000458320  100
3927884054  16
6965907315  89
6965913215  83
5319761027  20
5698067093  88
2507441760  9
6405940077  19
6428935729  65
5026898833  100
6413054766  53
1948533242  23
3930511492  25
5876577364  5
6352047520  100
6939111483  98
5040468547  10
1856118987  63
6060101775  58
5803478323  89